% Carica la matrice dei dati (es: [M1, M2, M3, M4, roll, pitch])
data = [
1226, 1273, 1273, 1226, 4.7500000000, -5.4374995232;
1227, 1272, 1272, 1227, 4.5625019073, -6.0624718666;
1228, 1271, 1271, 1228, 4.3125028610, -5.9375000000;
1230, 1269, 1269, 1230, 3.8125016689, -5.3124995232;
1235, 1264, 1264, 1235, 2.9375014305, -3.6249997616;
1245, 1254, 1254, 1245, 0.8125030398, -0.4374699593;
1264, 1235, 1235, 1264, -2.8124983311, 3.9375667572;
1279, 1220, 1220, 1279, -5.9374966621, 7.3125548363;
1286, 1213, 1213, 1286, -7.3749980927, 9.1250677109;
1283, 1216, 1216, 1283, -6.6249928474, 9.2500333786;
1273, 1226, 1226, 1273, -4.6249933243, 8.1250457764;
1259, 1240, 1240, 1259, -1.8749990463, 5.7500524521;
1240, 1259, 1259, 1240, 1.8125003576, 1.6250560284;
1228, 1271, 1271, 1228, 4.2500000000, -1.6250007153;
1225, 1274, 1274, 1225, 4.8750038147, -3.6249997616;
1226, 1273, 1273, 1226, 4.6250019073, -5.2500000000;
1227, 1272, 1272, 1227, 4.5625019073, -6.1250023842;
1227, 1272, 1272, 1227, 4.5625019073, -5.9375000000;
1231, 1268, 1268, 1231, 3.6250002384, -5.1249833107;
1240, 1259, 1259, 1240, 1.9375026226, -2.9374694824;
1250, 1250, 1250, 1250, 0.0000000000, 0.0625126660;
1267, 1232, 1232, 1267, -3.4999969006, 4.5000467300;
1284, 1215, 1215, 1284, -6.8124980927, 8.0000543594;
1291, 1208, 1208, 1291, -8.2499961853, 10.1875448227;
1288, 1211, 1211, 1288, -7.6249971390, 10.6250324249;
1277, 1222, 1222, 1277, -5.4999990463, 9.2500333786;
1261, 1238, 1238, 1261, -2.2499969006, 6.3125324249;
1239, 1260, 1260, 1239, 2.1250021458, 1.5000635386;
1222, 1277, 1277, 1222, 5.4374971390, -2.9374694824;
1217, 1282, 1282, 1217, 6.5625009537, -5.7500009537;
1220, 1279, 1279, 1220, 5.9375019073, -6.9999704361;
1223, 1276, 1276, 1223, 5.2500014305, -7.1874861717;
1225, 1274, 1274, 1225, 4.8750038147, -6.6249995232;
1228, 1271, 1271, 1228, 4.3750028610, -5.7500009537;
1234, 1265, 1265, 1234, 3.1875019073, -4.0624690056;
1245, 1254, 1254, 1245, 0.8750024438, -0.8125013113;
1267, 1232, 1232, 1267, -3.4374976158, 4.2500615120;
1287, 1212, 1212, 1287, -7.4374976158, 8.3750305176;
1298, 1201, 1201, 1298, -9.6874923706, 11.4375505447;
1293, 1206, 1206, 1293, -8.6874980927, 11.3125305176;
1276, 1223, 1223, 1276, -5.2499966621, 9.0625305176;
1251, 1248, 1248, 1251, -0.3124980032, 4.6875762939;
1225, 1274, 1274, 1225, 4.8750038147, -0.5624993443;
1211, 1288, 1288, 1211, 7.6250014305, -4.4375014305;
1212, 1287, 1287, 1212, 7.5625009537, -6.6249995232;
1221, 1278, 1278, 1221, 5.6875014305, -7.3750014305;
1223, 1276, 1276, 1223, 5.2500014305, -7.5000004768;
1225, 1275, 1275, 1225, 5.0000023842, -7.2499985695;
1227, 1272, 1272, 1227, 4.5000023842, -6.3124704361;
1235, 1264, 1264, 1235, 2.8750016689, -3.7500021458;
1253, 1246, 1246, 1253, -0.6874990463, 1.0625759363;
1279, 1220, 1220, 1279, -5.8124966621, 7.0625691414;
1295, 1205, 1205, 1295, -8.9999961853, 10.8125610352;
1296, 1203, 1203, 1296, -9.2499952316, 11.9375762939;
1285, 1215, 1215, 1285, -6.9999966621, 10.6250324249;
1261, 1238, 1238, 1261, -2.3749964237, 6.9375758171;
1239, 1260, 1260, 1239, 2.1250021458, 2.6875331402;
1218, 1281, 1281, 1218, 6.3750004768, -2.6250011921;
1211, 1288, 1288, 1211, 7.6250014305, -5.7500009537;
1216, 1283, 1283, 1216, 6.7500028610, -6.6249995232;
1221, 1278, 1278, 1221, 5.6875014305, -7.3750014305;
1221, 1278, 1278, 1221, 5.7500014305, -7.6874690056;
1221, 1278, 1278, 1221, 5.6250028610, -7.2499985695;
1226, 1273, 1273, 1226, 4.6875009537, -5.9375000000;
1239, 1260, 1260, 1239, 2.1875014305, -2.5000028610;
1263, 1236, 1236, 1263, -2.6249978542, 3.4375698566;
1288, 1211, 1211, 1288, -7.7499957085, 9.2500333786;
1300, 1200, 1200, 1300, -10.2499952316, 12.6875295639;
1296, 1203, 1203, 1296, -9.2499952316, 12.6875295639;
1280, 1219, 1219, 1280, -6.1874985695, 10.0625514984;
1254, 1245, 1245, 1254, -0.9374978542, 4.8125681877;
1230, 1269, 1269, 1230, 3.9375019073, -0.6249716878;
1216, 1283, 1283, 1216, 6.6250004768, -4.6250004768;
1215, 1284, 1284, 1215, 6.8125019073, -6.8750014305;
1220, 1280, 1280, 1220, 5.9999971390, -7.8124990463;
1220, 1279, 1279, 1220, 5.8750014305, -8.3749685287;
1218, 1281, 1281, 1218, 6.2500019073, -8.3749685287;
1222, 1277, 1277, 1222, 5.5000000000, -7.0625000000;
1233, 1266, 1266, 1233, 3.2500026226, -4.3125028610;
1256, 1243, 1243, 1256, -1.3749980927, 1.1875690222;
1287, 1212, 1212, 1287, -7.4374976158, 8.0000543594;
1300, 1200, 1200, 1300, -10.8124961853, 12.1875324249;
1300, 1200, 1200, 1300, -10.4374961853, 13.0625619888;
1287, 1212, 1212, 1287, -7.5624976158, 11.1875667572;
1260, 1239, 1239, 1260, -2.0624978542, 6.2500500679;
1239, 1260, 1260, 1239, 2.1250021458, 2.1875629425;
1218, 1281, 1281, 1218, 6.2500019073, -2.6250011921;
1211, 1288, 1288, 1211, 7.6250014305, -5.5625023842;
1216, 1283, 1283, 1216, 6.6250004768, -6.8125019073;
1221, 1278, 1278, 1221, 5.6875014305, -7.6249871254;
1222, 1277, 1277, 1222, 5.5000000000, -7.6249871254;
1225, 1274, 1274, 1225, 4.8750038147, -6.5624685287;
1235, 1265, 1265, 1235, 3.0000002384, -4.4375014305;
1252, 1247, 1247, 1252, -0.4999965131, -0.3125016391;
1279, 1220, 1220, 1279, -5.8749961853, 6.3125324249;
1300, 1200, 1200, 1300, -10.1874961853, 11.8125562668;
1300, 1200, 1200, 1300, -10.9374952316, 14.0000190735;
1285, 1214, 1214, 1285, -7.0624966621, 11.3750686646;
1265, 1235, 1235, 1265, -2.9999961853, 7.5625667572;
1238, 1261, 1261, 1238, 2.3750002384, 1.8125309944;
1219, 1280, 1280, 1219, 6.1875023842, -3.1875011921;
1212, 1287, 1287, 1212, 7.4375019073, -5.9375000000;
1219, 1280, 1280, 1219, 6.1875023842, -6.9999704361;
1220, 1280, 1280, 1220, 5.9999971390, -8.1875009537;
1215, 1284, 1284, 1215, 6.8125019073, -9.0624990463;
1215, 1284, 1284, 1215, 6.8125019073, -8.5624723434;
1225, 1274, 1274, 1225, 4.9375000000, -6.3750004768;
1245, 1254, 1254, 1245, 0.9375020862, -1.6875003576;
1272, 1227, 1227, 1272, -4.4999971390, 4.6875762939;
1296, 1203, 1203, 1296, -9.2499952316, 10.1875448227;
1300, 1200, 1200, 1300, -10.6249961853, 12.8125495911;
1294, 1205, 1205, 1294, -8.9374971390, 12.1250505447;
1274, 1225, 1225, 1274, -4.8749995232, 9.0000753403;
1247, 1252, 1252, 1247, 0.5625000000, 4.2500615120;
1223, 1276, 1276, 1223, 5.3750014305, -0.9375014901;
1211, 1288, 1288, 1211, 7.7500000000, -5.0000019073;
1213, 1286, 1286, 1213, 7.3125033379, -7.1874861717;
1217, 1282, 1282, 1217, 6.5000019073, -8.1875009537;
1219, 1280, 1280, 1219, 6.1875023842, -9.1249990463;
1218, 1281, 1281, 1218, 6.3125014305, -9.0624990463;
1223, 1276, 1276, 1223, 5.3125009537, -7.4374704361;
1240, 1259, 1259, 1240, 1.8125003576, -2.8749868870;
1266, 1233, 1233, 1266, -3.3749971390, 3.3125774860;
1295, 1205, 1205, 1295, -8.9999961853, 10.4375562668;
1300, 1200, 1200, 1300, -10.6249961853, 13.1875543594;
1295, 1204, 1204, 1295, -9.1874952316, 13.1250457764;
1277, 1222, 1222, 1277, -5.5624990463, 10.4375562668;
1250, 1250, 1250, 1250, 0.0000000000, 5.1875462532;
1225, 1275, 1275, 1225, 5.0000023842, -0.8749713302;
1209, 1290, 1290, 1209, 8.1875009537, -5.5000028610;
1211, 1288, 1288, 1211, 7.6875004768, -7.5625009537;
1218, 1281, 1281, 1218, 6.3750004768, -8.1875009537;
1219, 1280, 1280, 1219, 6.1875023842, -8.9375000000;
1216, 1283, 1283, 1216, 6.7500028610, -8.9375000000;
1218, 1281, 1281, 1218, 6.2500019073, -8.0000019073;
1230, 1270, 1270, 1230, 4.0000019073, -5.1249833107;
1255, 1244, 1244, 1255, -1.1874966621, 1.5625466108;
1283, 1216, 1216, 1283, -6.7499990463, 8.0625629425;
1300, 1200, 1200, 1300, -10.3124952316, 12.5000553131;
1300, 1200, 1200, 1300, -10.3749990463, 13.7500610352;
1283, 1216, 1216, 1283, -6.6874957085, 11.1250562668;
1256, 1243, 1243, 1256, -1.3749980927, 6.2500500679;
1229, 1270, 1270, 1229, 4.1250009537, 0.6249996424;
1212, 1287, 1287, 1212, 7.5625009537, -3.7500021458;
1206, 1293, 1293, 1206, 8.6249990463, -6.4999866486;
1214, 1285, 1285, 1214, 7.1250004768, -7.3750014305;
1218, 1281, 1281, 1218, 6.3750004768, -8.3124866486;
1214, 1285, 1285, 1214, 7.0625004768, -8.9375000000;
1215, 1284, 1284, 1215, 6.9374976158, -8.5624723434;
